899 737 169 95
898 741 205 118
898 743 177 101
885 727 189 97
882 740 215 129
884 726 147 88
880 714 175 97
920 763 169 92
902 740 143 74
896 739 251 163
883 721 143 82
886 731 181 92
894 750 183 107
899 747 163 86
895 743 171 92
904 753 241 138
901 750 151 90
887 741 163 92
896 736 201 117
887 734 175 108
898 741 265 163
890 738 231 147
902 741 191 112
855 702 177 103
899 728 269 164
883 737 197 116
883 728 179 118
896 735 161 95
908 758 197 112
916 754 143 84
905 754 209 112
885 720 149 83
873 736 215 116
880 736 153 80
898 748 185 111
905 763 197 114
911 751 159 94
899 735 159 93
891 723 225 139
869 735 219 126
905 751 207 117
900 733 187 97
885 727 265 147
878 741 265 146
900 744 219 121
898 743 191 109
894 748 219 118
867 729 259 150
874 724 171 98
898 726 173 102
884 736 159 95
882 729 191 106
880 725 187 111
881 729 159 101
896 747 211 120
884 719 225 124
854 701 199 113
876 729 221 123
918 750 179 101
898 748 189 104
861 717 189 102
892 739 269 163
873 723 193 115
904 741 157 94
890 735 195 112
876 711 183 110
876 730 181 103
884 729 203 111
889 733 221 136
879 716 243 155
907 750 155 89
905 747 129 73
881 738 167 94
871 720 147 78
884 737 151 89
902 731 165 96
894 721 225 130
873 725 145 82
880 715 167 95
890 726 189 108
878 717 177 97
892 719 175 97
901 737 177 98
904 739 153 81
911 746 231 122
884 727 189 114
896 740 235 135
867 698 169 103
872 710 195 113
882 740 133 81
891 735 173 97
875 739 179 102
873 731 177 107
894 738 217 127
892 730 167 100
898 726 183 104
886 739 163 101
913 756 245 131
865 711 139 67
920 774 149 88
879 725 195 121
885 729 163 99
875 736 171 95
881 730 191 110
907 751 243 138
889 740 161 91
897 728 205 126
883 722 209 123
877 728 167 98
897 753 205 105
894 734 195 110
892 737 183 100
874 733 155 90
896 744 207 109
886 729 239 148
863 723 147 90
893 730 145 71
902 747 161 94
891 736 135 68
883 726 147 84
886 752 123 83
879 721 155 95
875 725 185 102
880 721 269 158
866 730 165 102
901 741 143 82
882 728 189 109
910 737 181 104
881 744 179 113
898 728 185 115
868 725 153 90
903 754 237 143
884 727 165 99
881 745 157 90
878 729 211 128
873 719 223 138
895 742 227 129
880 738 207 136
876 718 171 103
879 737 161 98
884 720 199 121
891 739 187 98
899 745 169 93
899 732 181 96
892 728 225 122
906 731 181 103
889 731 217 120
871 725 179 94
869 710 169 94
864 720 185 117
887 743 189 120
907 746 197 109
895 734 187 104
889 717 141 82
888 734 183 102
875 733 177 98
886 737 213 120
875 716 231 140
901 738 197 107
883 740 141 77
899 741 207 121
871 733 215 125
905 730 133 68
911 730 275 166
887 738 221 117
903 755 235 140
878 711 197 103
914 763 207 129
903 747 287 174
890 755 215 113
899 750 135 83
887 734 141 87
878 726 173 99
918 772 207 132
892 740 217 117
898 734 223 121
888 743 149 88
905 747 209 117
901 753 201 132
898 739 255 156
881 737 149 81
883 733 191 111
893 738 197 103
898 736 191 112
901 746 267 161
884 726 141 77
870 714 175 97
903 738 243 137
892 746 237 138
892 731 211 128
898 730 149 88
895 746 263 151
929 751 121 65
891 738 137 75
883 715 233 128
885 722 175 109
890 731 201 107
901 738 195 118
906 752 213 117
911 762 173 100
