888 724 133 58
865 730 113 51
886 721 127 56
892 740 119 62
893 744 103 41
884 727 113 51
893 738 103 52
897 741 117 45
880 728 105 48
878 725 117 58
884 747 117 54
890 728 115 48
863 713 119 52
885 716 107 51
889 732 105 46
887 729 117 48
879 735 123 49
872 739 115 51
888 733 109 61
891 735 107 52
870 725 103 45
905 748 113 52
899 746 125 62
904 739 115 55
859 712 113 52
869 724 111 70
924 762 115 60
880 734 107 55
907 752 109 51
880 730 125 58
889 721 105 56
875 725 103 46
907 737 103 44
877 712 109 48
900 751 115 47
908 746 125 54
907 736 103 52
879 727 111 52
892 739 111 48
902 722 123 55
889 722 131 51
903 752 105 53
900 743 123 66
881 724 119 46
886 736 133 72
886 719 105 50
871 723 117 46
891 719 109 47
886 724 103 45
885 741 115 54
884 734 115 61
866 715 139 63
902 755 107 50
903 746 117 44
884 741 107 56
888 747 125 53
893 739 131 60
874 730 115 51
872 713 115 49
922 756 107 53
897 742 117 56
904 740 99 48
871 730 117 54
886 731 113 46
887 733 123 52
889 750 123 53
883 723 113 61
903 764 121 54
896 749 111 53
887 734 113 52
888 719 109 48
889 745 119 47
877 709 105 59
887 747 103 46
891 736 105 47
879 731 111 52
871 732 107 48
875 724 113 52
878 720 115 46
898 737 127 58
902 753 107 51
876 711 137 58
893 726 109 55
888 732 103 49
872 730 119 52
899 736 117 53
878 720 109 57
877 723 111 37
896 735 103 46
872 738 101 47
890 739 121 58
900 748 117 61
896 751 107 53
879 738 107 50
866 714 115 58
881 730 109 52
883 732 109 56
875 717 107 54
885 734 101 50
877 720 113 49
892 742 109 47
876 725 115 43
904 725 117 54
889 734 107 52
881 730 109 41
881 732 111 50
919 760 113 55
874 732 115 51
881 727 113 62
895 736 103 42
876 729 101 50
887 749 117 58
864 715 103 40
871 729 111 46
891 737 107 49
881 722 107 61
874 723 115 54
913 764 117 43
882 717 105 55
880 730 119 66
859 703 105 52
888 738 121 49
907 752 129 51
887 720 111 64
890 726 111 53
887 734 111 52
884 724 113 48
890 730 101 50
899 742 115 47
877 727 107 48
885 732 113 64
891 728 105 47
899 735 123 56
875 719 107 49
870 717 113 56
892 729 131 63
926 753 123 54
906 747 107 54
907 757 103 45
886 721 105 45
877 722 103 49
888 740 101 44
907 754 101 36
886 741 145 77
918 764 117 57
900 737 107 54
866 716 113 50
914 758 107 42
885 734 119 62
885 729 111 50
899 727 105 47
878 712 105 47
878 727 109 42
877 717 105 50
880 721 105 50
917 743 103 47
892 739 109 51
876 731 115 47
898 738 117 51
894 739 109 46
893 753 105 43
900 758 105 52
908 739 115 56
914 762 117 55
906 744 113 55
897 750 109 47
890 728 119 50
859 710 121 57
880 726 119 52
887 735 133 67
904 735 119 59
877 715 133 64
862 714 115 49
883 727 121 55
883 720 109 48
870 732 111 49
900 736 119 48
906 748 107 54
918 752 119 65
893 737 113 57
866 718 103 46
899 746 121 64
896 738 109 58
877 721 101 46
861 721 103 58
886 732 131 57
877 723 109 43
906 738 105 46
892 751 113 53
887 727 101 42
898 727 111 53
873 715 111 52
878 725 103 47
860 712 103 53
887 743 113 62
898 745 107 44
872 744 111 44
886 742 103 40
880 725 107 51
868 723 123 54
