732 629 281 186
708 603 243 152
794 679 165 107
723 615 243 153
741 632 155 78
738 640 209 132
730 635 245 143
748 638 187 105
739 630 181 98
707 620 229 140
747 652 241 146
780 662 171 95
745 636 159 90
755 639 275 176
755 643 225 140
693 599 247 153
757 655 195 108
735 621 211 125
716 617 185 108
755 650 187 98
687 611 189 115
782 666 139 81
703 613 263 168
725 613 173 102
707 615 179 102
734 628 167 106
701 615 157 93
743 653 237 147
731 620 167 89
733 631 287 180
744 629 205 126
743 628 217 136
770 657 231 135
713 608 311 172
746 639 147 88
761 657 185 95
712 622 275 175
758 649 179 120
783 671 201 112
731 634 235 128
735 632 269 154
732 620 173 101
712 607 161 86
726 624 225 145
690 605 183 105
705 626 275 171
753 658 255 149
738 626 189 121
704 617 263 167
771 657 219 126
724 625 211 127
791 678 179 113
718 613 177 102
731 631 207 119
745 642 379 229
770 646 177 101
742 628 189 124
719 614 223 138
785 689 183 116
716 620 181 112
750 646 239 144
705 616 245 157
745 630 281 189
766 658 161 86
702 593 261 155
742 650 165 103
736 634 197 112
712 608 235 141
692 596 221 131
716 616 235 140
728 623 139 86
731 638 219 122
749 642 245 153
700 605 223 122
728 626 245 152
700 605 285 182
728 639 185 123
699 599 171 99
773 655 179 95
717 622 177 100
739 642 255 169
728 617 201 114
776 660 213 139
758 646 187 100
743 647 249 157
753 643 201 117
776 657 157 88
708 617 293 170
739 629 217 133
750 640 185 101
726 631 193 121
742 639 147 71
701 611 263 159
747 647 171 97
757 642 225 129
772 654 235 136
730 638 171 96
747 644 203 127
753 650 229 136
765 666 217 126
734 631 161 93
686 603 281 182
731 632 173 102
740 642 245 144
728 621 189 117
751 646 221 135
749 650 225 130
714 629 187 103
746 637 215 135
747 638 191 110
730 640 307 181
698 601 197 120
748 639 311 197
740 624 161 89
741 650 265 146
760 644 183 106
732 626 151 92
741 635 353 227
720 633 179 104
719 621 181 108
752 637 195 103
747 634 191 115
720 631 233 149
765 647 189 108
698 602 191 119
763 648 149 90
744 643 185 115
705 612 157 101
700 607 215 132
718 625 281 178
720 623 275 159
734 646 147 77
749 640 151 85
717 620 189 106
779 659 175 104
702 601 203 116
754 650 213 124
723 628 225 137
756 659 227 141
720 617 249 154
700 618 207 120
732 636 155 87
765 645 175 109
702 601 235 139
740 618 219 138
722 623 261 163
730 622 183 89
721 625 225 148
752 644 153 90
712 614 181 114
744 653 269 146
740 628 175 106
702 613 297 179
701 612 199 124
718 621 211 118
739 640 149 93
788 668 171 107
780 664 209 115
743 643 159 90
675 578 187 97
718 619 149 84
761 651 229 123
722 621 215 122
708 610 207 122
739 638 171 103
782 672 193 116
792 676 171 106
720 616 195 111
721 616 235 157
760 650 175 113
739 635 161 101
737 626 155 92
683 590 195 112
656 569 307 193
727 631 193 112
730 634 297 186
765 648 301 183
749 647 253 158
746 638 163 88
780 669 253 153
721 619 223 137
746 647 197 118
706 607 213 126
726 632 275 161
747 642 163 99
743 652 181 113
717 605 181 109
746 628 265 154
751 646 177 102
709 612 183 115
755 638 257 139
710 613 211 124
744 648 193 107
740 640 179 100
727 648 299 199
721 619 273 157
703 617 293 192
737 636 197 119
738 652 265 145
780 650 153 87
