865 713 335 215
848 720 497 338
793 677 947 586
854 725 367 240
790 665 749 465
779 659 799 518
852 720 317 172
817 701 451 304
845 700 639 400
804 694 513 329
843 691 463 286
754 654 927 583
810 694 551 356
741 641 1025 649
858 722 453 297
805 674 545 351
786 658 641 428
768 652 927 596
845 711 349 204
823 698 479 305
848 713 417 263
849 728 365 237
778 651 799 518
822 696 753 488
827 692 605 383
805 668 535 350
780 659 875 542
782 667 917 585
847 710 459 280
829 712 633 427
846 721 305 178
828 691 593 397
833 701 495 312
822 702 599 377
823 694 551 339
785 681 609 401
793 675 705 451
827 700 575 364
838 702 505 319
832 695 401 247
849 695 341 211
868 732 321 201
862 719 281 173
803 689 465 281
778 643 707 451
793 675 543 353
752 650 1133 715
841 681 459 288
803 674 547 342
843 707 447 298
824 691 551 352
809 680 597 367
817 697 545 366
793 666 619 403
819 685 559 353
800 682 635 421
836 709 533 323
832 692 435 276
779 671 751 454
834 704 545 362
846 716 421 271
832 700 621 381
821 691 429 274
817 708 415 270
815 687 483 308
770 657 917 581
795 648 775 503
842 707 395 245
837 697 417 264
833 701 329 204
828 700 517 336
794 667 747 477
873 734 209 122
822 686 499 330
847 716 421 259
818 709 689 412
846 712 361 235
860 718 333 215
877 729 307 179
795 665 635 394
809 667 795 513
843 698 467 283
830 695 523 332
876 738 333 193
882 740 269 161
830 704 475 307
816 676 435 274
794 665 643 413
810 675 631 419
801 681 589 370
829 706 569 351
844 706 395 248
770 654 891 557
856 708 353 217
808 690 543 354
772 659 711 470
827 703 559 359
847 713 337 207
807 683 575 372
831 693 571 367
815 692 541 341
834 686 639 403
818 697 673 424
815 688 549 351
884 728 281 160
828 694 539 356
864 705 265 167
842 717 345 204
819 690 545 338
828 699 395 245
841 715 527 350
837 701 391 239
863 710 397 261
841 711 291 176
835 714 707 439
823 681 419 278
845 702 411 268
770 653 785 517
794 659 545 335
825 695 375 232
817 679 439 284
813 684 455 270
794 673 833 552
847 709 543 336
821 706 681 424
829 694 441 282
820 696 491 323
832 702 627 388
837 691 351 220
718 612 1043 688
820 688 419 264
717 622 1071 678
771 659 631 401
845 714 469 303
797 671 633 422
852 709 355 232
852 711 403 247
828 686 441 283
849 716 439 284
795 679 559 363
821 701 525 343
876 739 267 167
825 688 511 311
869 721 275 174
840 700 365 239
821 677 571 368
830 699 517 333
791 672 671 420
844 718 347 231
828 712 607 400
811 680 695 432
818 699 523 329
858 722 353 225
799 690 633 382
825 705 563 352
814 693 567 365
788 681 663 431
801 676 673 433
862 732 359 216
867 717 319 192
817 689 435 277
826 705 501 327
789 678 645 410
840 698 381 238
806 680 693 430
842 702 285 178
833 699 477 298
853 703 435 271
845 714 403 245
787 670 659 426
850 724 429 266
784 672 839 578
804 676 561 374
844 696 375 249
825 702 465 298
839 708 495 299
774 659 857 565
781 677 695 437
855 699 451 292
852 719 429 259
826 690 465 276
833 700 495 330
745 635 1065 667
816 692 483 305
862 715 371 241
844 719 421 268
772 656 833 518
822 687 533 318
835 691 531 324
731 629 1023 646
846 716 315 196
821 695 631 405
854 718 277 178
797 683 607 416
793 672 669 453
820 694 373 257
821 687 465 303
862 717 271 169
824 689 323 192
871 704 351 220
