250 245 383 240
249 241 549 356
237 232 631 415
241 235 375 241
262 256 369 229
251 242 783 516
250 246 1115 738
241 232 579 361
259 250 705 445
265 260 353 219
253 250 489 300
256 252 577 370
252 246 417 262
262 253 413 255
248 242 513 327
248 243 943 591
231 228 821 506
260 255 297 199
248 240 351 228
257 246 647 434
245 237 391 243
254 247 649 400
267 260 587 378
258 252 835 517
263 255 643 413
254 249 465 294
262 259 591 374
253 248 699 465
259 256 519 349
246 238 337 208
259 253 971 641
242 238 519 316
250 243 691 446
245 241 383 221
243 234 429 272
252 247 463 297
257 254 749 467
244 239 357 224
252 246 397 263
243 236 449 284
268 260 283 185
247 238 599 366
252 249 901 577
261 256 499 323
269 264 299 183
250 246 837 518
263 256 307 210
258 252 565 369
259 251 553 354
268 258 305 187
259 256 617 415
264 256 717 476
248 244 941 628
258 252 299 186
252 248 411 260
259 253 635 416
255 246 507 322
259 256 931 602
263 251 713 462
263 257 735 438
249 242 407 254
247 241 1189 758
251 245 577 371
263 257 453 284
244 240 543 350
247 242 545 333
239 235 473 327
263 253 563 339
270 267 489 315
246 243 729 485
248 244 595 353
251 246 507 314
250 243 589 363
254 247 1045 662
253 248 317 198
269 262 599 378
266 257 861 579
255 253 1057 681
253 249 359 215
238 232 431 258
252 249 497 322
252 243 395 273
248 242 451 279
258 253 1097 692
251 247 763 448
260 252 299 188
246 242 751 460
253 250 709 441
257 250 679 462
246 242 823 515
241 238 571 369
261 251 745 465
248 244 373 248
258 250 737 462
245 240 493 318
237 233 399 232
269 264 633 376
249 246 455 290
249 242 1009 630
262 256 519 331
257 251 469 292
246 241 755 483
235 231 457 286
225 219 377 236
260 258 471 296
258 253 1015 657
256 247 411 265
255 248 647 396
240 235 779 498
255 249 463 297
249 241 383 241
259 251 473 314
244 242 469 298
253 248 301 191
256 246 541 326
262 253 453 300
250 243 739 474
238 230 527 303
248 242 715 451
277 270 673 434
241 233 779 523
266 261 441 287
253 250 521 336
248 243 403 258
247 240 453 280
235 227 555 340
262 257 341 206
254 248 591 378
255 251 375 247
263 257 631 393
249 243 717 443
252 247 351 217
258 252 615 389
252 248 379 247
271 266 629 413
257 249 555 341
254 246 527 343
255 249 541 362
257 252 419 274
246 240 465 314
251 247 561 351
257 253 727 466
236 230 571 363
249 247 653 431
242 238 871 549
239 235 471 302
261 255 535 348
255 249 781 496
253 249 707 438
243 237 749 474
260 254 341 221
243 239 451 287
245 239 515 331
252 246 375 232
234 230 579 354
253 248 681 407
243 234 1007 642
249 244 613 375
257 251 557 360
275 268 651 443
258 254 305 199
251 244 445 277
253 246 401 253
268 261 315 187
239 232 685 437
259 248 851 567
251 247 563 373
241 234 641 407
259 252 391 249
256 247 629 400
243 236 427 269
247 244 735 458
252 249 759 485
250 243 509 314
250 243 449 276
247 244 211 136
249 242 571 340
239 235 359 216
235 229 851 546
251 245 467 321
246 240 443 273
252 245 653 426
253 248 635 415
255 250 293 179
255 247 755 452
263 258 577 376
271 266 491 322
251 246 395 252
258 252 871 552
248 243 659 439
251 246 1033 647
267 260 483 308
266 260 559 342
256 250 739 496
253 249 1011 653
246 243 475 297
264 256 759 479
253 245 537 337
256 252 563 368
260 249 281 177
