725 640 181 93
717 635 237 139
725 628 267 154
714 625 215 124
716 640 255 137
735 638 215 119
731 645 159 91
723 636 165 91
756 660 171 95
724 636 173 98
715 629 269 145
741 656 175 102
763 673 331 187
761 670 151 91
736 644 177 96
705 616 173 97
735 642 193 123
744 650 151 69
732 640 179 109
713 634 143 72
732 653 131 59
734 638 191 107
751 659 151 95
732 649 163 92
749 660 159 92
722 637 161 87
705 615 167 108
724 643 195 96
742 655 171 91
721 637 163 95
739 647 185 113
731 647 187 109
735 643 267 146
742 635 213 126
731 630 173 99
742 637 201 113
719 633 139 77
726 643 173 92
742 645 187 113
764 665 139 48
719 636 225 133
747 653 207 120
718 625 153 91
727 649 181 107
713 629 175 99
731 642 149 79
727 637 197 119
734 658 209 124
745 651 223 130
731 647 201 119
725 646 205 121
742 662 157 100
756 660 187 112
721 630 281 162
729 648 211 126
724 631 167 97
750 656 151 90
711 629 167 98
736 652 183 104
747 643 249 141
718 632 191 114
724 615 159 89
716 623 143 83
729 640 195 109
747 648 181 102
726 640 235 134
748 648 177 92
749 670 145 76
743 655 147 92
746 638 175 103
725 641 177 92
735 647 207 122
722 640 163 94
733 645 163 82
719 635 229 129
728 634 151 80
728 632 175 106
704 620 211 131
736 643 217 123
721 632 143 82
722 640 297 179
748 653 231 124
725 644 157 79
738 645 187 112
734 655 213 124
698 614 219 129
718 631 205 120
705 624 191 108
742 648 165 103
755 657 235 124
728 649 185 104
722 646 211 119
734 630 193 111
737 646 147 85
717 637 225 144
746 660 175 93
736 648 227 132
728 645 171 84
747 652 215 126
696 619 191 105
715 628 179 108
712 630 153 92
734 642 139 84
713 628 227 125
732 641 195 104
742 650 211 109
721 645 235 132
725 636 181 102
718 632 207 120
744 655 229 137
740 656 145 76
721 633 193 104
709 634 151 92
726 639 219 139
715 631 255 144
706 622 145 80
740 632 159 87
725 632 185 102
716 629 153 85
740 648 173 102
747 651 219 129
734 650 225 119
740 642 215 124
724 641 245 135
752 659 185 114
743 650 171 104
706 629 273 165
740 653 161 86
712 622 191 114
743 647 285 158
715 643 285 176
730 651 137 85
720 636 135 79
754 672 229 123
741 648 223 128
734 644 187 95
721 639 151 101
739 644 153 76
727 642 169 94
747 649 157 95
741 655 191 112
711 635 229 137
710 634 197 119
748 649 149 88
727 642 205 119
746 645 197 101
720 635 213 130
750 659 223 124
719 629 159 82
724 642 147 86
725 652 167 95
735 633 199 119
745 649 163 96
742 645 159 92
721 630 187 111
717 632 141 71
741 654 165 86
728 635 265 150
718 624 361 215
747 657 163 106
719 625 167 95
732 637 217 127
730 647 257 151
725 641 219 126
736 652 239 132
746 654 211 120
717 627 151 89
734 643 183 103
732 632 169 86
717 627 241 135
719 641 207 128
719 639 259 161
732 640 197 107
742 646 257 155
721 628 155 86
729 648 225 140
723 619 211 134
729 646 139 82
722 643 145 78
719 650 211 113
728 637 167 86
751 642 199 125
732 645 187 95
756 659 173 102
745 646 173 103
740 655 185 126
736 653 169 105
727 647 175 99
727 649 207 108
713 638 183 102
714 631 221 132
728 641 325 183
744 660 227 118
717 630 151 76
724 648 215 128
714 645 151 97
732 645 331 194
739 642 193 118
724 634 143 82
724 647 173 99
